2.000000000000000000e+00 2.277799999999999964e-02
3.000000000000000000e+00 3.235299999999999981e-02
4.000000000000000000e+00 2.356499999999999914e-02
5.000000000000000000e+00 2.334599999999999870e-02
9.000000000000000000e+00 3.344099999999999850e-02
1.100000000000000000e+01 2.642299999999999857e-02
1.300000000000000000e+01 2.417199999999999904e-02
1.500000000000000000e+01 8.053899999999999948e-02
2.500000000000000000e+01 2.860599999999999948e-02
2.600000000000000000e+01 2.028399999999999995e-02
3.100000000000000000e+01 6.651600000000000568e-02
6.800000000000000000e+01 1.555799999999999961e-01


